     group  N         t1            t2 pr.g1 pr.g2 mean.corr1    mean.corr2
301    301  3  34.999432 -2.282339e+00  0.00  0.97  0.7396121 -0.3881042240
345    345  3  16.977776 -1.532003e+00  0.01  0.90  0.7208147 -0.3057070281
225    225  3 155.298104 -1.515730e+00  0.00  0.90  0.6995386 -0.2868115142
44      44  3  66.926609 -1.441970e+00  0.00  0.88  0.6958237 -0.2775499803
67      67  3  11.583685 -1.826355e+00  0.02  0.92  0.6625571 -0.3054820773
809    809  3  51.944759 -8.616016e-01  0.00  0.79  0.7126734 -0.2512031200
247    247  3  15.625166 -1.662389e+00  0.01  0.91  0.6794195 -0.2816876023
578    578  3   7.960470 -6.857124e+00  0.02  1.00  0.6744456 -0.2500632709
33      33  3  16.277848 -1.666604e+00  0.01  0.91  0.7497012 -0.1531605266
552    552  3  20.206495 -1.611328e+00  0.01  0.91  0.6499683 -0.2217833962
243    243  3 374.675194 -5.603824e-01  0.00  0.69  0.7409882 -0.1293890830
152    152  4  18.512745 -1.211304e+00  0.00  0.90  0.6621547 -0.1822738814
198    198  3  15.475256 -2.466874e+00  0.01  0.97  0.6399279 -0.1971785622
426    426  3  11.950431 -6.015274e-01  0.01  0.70  0.6769853 -0.1472914592
373    373  3  23.330825 -2.631325e+00  0.00  0.99  0.6379342 -0.1768368533
62      62  7  59.756348 -1.065984e+00  0.00  0.92  0.7201002 -0.0935218682
510    510  4  15.889287 -5.977371e-01  0.00  0.70  0.7087327 -0.1040247313
151    151  4  25.838928 -4.202845e-01  0.00  0.61  0.7121709 -0.0875793783
324    324  3  70.602329  2.971587e-01  0.00  0.41  0.8079571  0.0173276280
246    246  3   8.812646 -6.398973e-01  0.02  0.71  0.6472188 -0.1372159278
800    800  5  24.567903 -7.681323e-01  0.00  0.82  0.6797122 -0.1014321719
915    915  3  13.831182 -3.033120e-01  0.01  0.61  0.6975824 -0.0822949241
314    314  4  15.834486 -7.723005e-01  0.00  0.78  0.6735647 -0.1047511819
206    206  3  14.983711 -2.226650e-01  0.01  0.60  0.6881340 -0.0872615837
554    554  3   7.543243 -1.837906e-01  0.02  0.60  0.6988597 -0.0706914898
404    404  4  19.900837 -1.002345e+00  0.00  0.84  0.6853747 -0.0779312770
123    123  4  34.716825 -6.002387e-01  0.00  0.70  0.6579686 -0.0938210246
729    729  3  26.787970 -2.957969e-01  0.00  0.61  0.6378901 -0.1080817139
53      53  4  24.841575  3.982468e-02  0.00  0.41  0.7454617  0.0048017239
589    589  3  15.733440 -4.361506e-01  0.01  0.63  0.6851061 -0.0548738517
35      35  5  28.533124 -1.867757e-01  0.00  0.55  0.7165792 -0.0124525558
287    287  3  15.826942 -1.941302e-01  0.01  0.60  0.6631210 -0.0650015808
280    280  6  36.096855 -5.075546e-01  0.00  0.69  0.6765605 -0.0485329806
387    387  4  65.102909 -2.813778e-03  0.00  0.42  0.7129802 -0.0007248798
2        2  3  10.081082 -2.778354e-04  0.02  0.53  0.7118400 -0.0001276126
193    193  7  32.009695 -6.638516e-02  0.00  0.49  0.7071655 -0.0040395174
319    319  5  29.455214 -6.651569e-02  0.00  0.50  0.7020982 -0.0073549156
109    109  4  19.526825  5.182276e-02  0.00  0.40  0.7103705  0.0034406710
157    157  7  41.898544 -1.535982e-01  0.00  0.53  0.6964093 -0.0101244733
73      73  3  20.109791  7.317706e-02  0.01  0.51  0.7219653  0.0206460726
813    813  4  26.100350  2.287718e-02  0.00  0.41  0.7028700  0.0038034170
302    302  4  24.569192  2.482675e-01  0.00  0.34  0.7409032  0.0419699000
3        3 34 155.697673  1.759069e-01  0.00  0.39  0.7012601  0.0025870094
21      21 12  51.184280 -8.376484e-01  0.00  0.76  0.6590528 -0.0352789304
264    264  3  11.693324 -4.116415e-01  0.01  0.62  0.6746079 -0.0166723893
181    181  3  17.106494  3.639025e-01  0.01  0.38  0.7812121  0.0902987116
173    173  5  32.958329  1.304062e-01  0.00  0.46  0.7005718  0.0119685576
472    472  7  36.418400 -5.695056e-01  0.00  0.70  0.6426135 -0.0419275886
202    202  5  23.922048  3.467868e-01  0.00  0.35  0.7115159  0.0401024437
112    112  3  12.602367  1.977837e-01  0.01  0.47  0.7041512  0.0380333477
477    477  3  18.099890  3.762309e-01  0.01  0.38  0.7239312  0.0604062090
452    452  5  27.290451  4.749975e-01  0.00  0.30  0.7177426  0.0544671079
79      79  7  50.378681  8.302523e-01  0.00  0.22  0.7245475  0.0635107080
168    168  4  18.827656 -9.549191e-02  0.00  0.46  0.6440858 -0.0146956852
380    380  3  18.513203  3.388521e-02  0.01  0.52  0.6624280  0.0075477577
454    454  5  30.608847  2.684113e-01  0.00  0.38  0.6941489  0.0404276404
394    394  6  34.875947  4.342637e-01  0.00  0.31  0.6978145  0.0443840058
186    186  4  15.521498  2.531300e-01  0.00  0.34  0.6899259  0.0373039656
161    161  4  28.825433  5.977480e-01  0.00  0.27  0.7255975  0.0742287473
409    409  3  13.669671  4.456464e-01  0.01  0.37  0.7248120  0.0815295227
61      61  4  33.888521  7.947440e-01  0.00  0.23  0.7203799  0.0787477062
64      64  4  23.483182  7.615839e-01  0.00  0.23  0.7024454  0.0623141032
298    298  3  18.183011  9.092625e-01  0.01  0.27  0.7152355  0.0780926551
648    648  4  22.108108  2.859219e-01  0.00  0.34  0.6642117  0.0278091347
288    288  4  32.129634  5.423675e-01  0.00  0.27  0.7353705  0.1022576268
461    461  4  27.492051  3.238015e-01  0.00  0.32  0.6602372  0.0274181219
668    668  3  29.590882  7.110387e-02  0.00  0.51  0.6542012  0.0218661966
320    320  5  28.297135  3.251959e-01  0.00  0.36  0.6591287  0.0286721591
768    768  4  17.683022  4.686498e-01  0.00  0.27  0.6703184  0.0407394382
10      10  4  17.843333  6.580333e-01  0.00  0.26  0.6991712  0.0735925042
401    401 11  62.868665  2.211060e+00  0.00  0.06  0.7431540  0.1207516215
307    307  4  23.223042  2.983835e-01  0.00  0.33  0.6642828  0.0449152900
633    633  3  54.001485  1.070610e-01  0.00  0.51  0.6434455  0.0241299530
141    141  3  15.802082  4.143011e-01  0.01  0.37  0.7177740  0.0992417508
221    221  3   8.925544  2.516684e-01  0.02  0.44  0.6585517  0.0425062669
224    224  3  27.798476  6.982869e-01  0.00  0.29  0.6895036  0.0743108592
252    252  3  27.950451  1.173604e+00  0.00  0.22  0.7017194  0.0866421652
96      96 13  54.296336  2.246663e+00  0.00  0.04  0.6918650  0.0796276948
774    774  3  16.357916  3.942665e-01  0.01  0.38  0.6474527  0.0353775946
78      78 10  50.376000  1.040897e+00  0.00  0.12  0.6559525  0.0495463365
720    720  3  10.808894  5.364380e-01  0.02  0.35  0.6733913  0.0671764541
438    438  5  26.630751  4.654552e-01  0.00  0.31  0.6475986  0.0428245914
211    211  5  23.751029  8.802441e-01  0.00  0.24  0.6656120  0.0610025290
533    533  4  18.502808  2.887652e-01  0.00  0.34  0.6365429  0.0325026224
372    372  3  40.384157  1.472447e+00  0.00  0.20  0.7300314  0.1265157767
355    355  3  20.449012  3.552565e-01  0.00  0.39  0.6623362  0.0613116738
199    199  3  13.249771  2.581275e-01  0.01  0.42  0.6521110  0.0520978886
772    772  4  22.063448  9.037389e-01  0.00  0.22  0.6635326  0.0658472482
445    445  3  33.147301  3.886333e-01  0.00  0.38  0.6504215  0.0528138659
475    475  3  44.492350  5.236323e-01  0.00  0.36  0.6724560  0.0748760014
382    382  3  20.977328  9.919572e-01  0.00  0.24  0.7435463  0.1492745915
333    333  4  25.516107  8.269874e-01  0.00  0.23  0.6985019  0.1044990855
121    121 11  54.772295  1.835753e+00  0.00  0.09  0.6793988  0.0856090818
115    115  3  41.144773  2.976281e-01  0.00  0.41  0.6327975  0.0406854908
374    374  3  18.538153  2.505892e-01  0.01  0.44  0.6486010  0.0609254756
659    659  5  23.075206  7.441380e-01  0.00  0.26  0.6566529  0.0693491091
574    574  5  36.544251  1.335159e+00  0.00  0.19  0.7008745  0.1143563364
219    219  3  24.057474  2.462236e-01  0.00  0.44  0.6368367  0.0555312764
379    379  3  24.748525  1.150701e+00  0.00  0.22  0.7183464  0.1390942724
218    218  4  49.063401  7.319769e-01  0.00  0.26  0.6467275  0.0702115628
383    383  8  34.786860  2.210738e+00  0.00  0.07  0.7174847  0.1417837554
273    273  4  20.659721  5.487671e-01  0.00  0.27  0.6697875  0.0974133091
495    495  4  33.192433  8.434974e-01  0.00  0.23  0.7096677  0.1378861202
326    326  4  24.855954  9.489692e-01  0.00  0.19  0.7169406  0.1482169945
70      70  3  27.978694  6.409335e-01  0.00  0.34  0.7107150  0.1422633130
615    615  4  25.440162  1.581196e+00  0.00  0.13  0.7398128  0.1719726655
339    339  6  29.894028  9.783383e-01  0.00  0.17  0.6777975  0.1130709349
162    162  3  27.240523  5.503703e-01  0.00  0.35  0.6653136  0.1056259612
31      31  6  28.378286  1.363753e+00  0.00  0.08  0.6698419  0.1102637127
103    103  3  32.431248  1.156108e+00  0.00  0.22  0.6339184  0.0771277298
723    723  5  30.056092  1.073196e+00  0.00  0.23  0.6540426  0.0976029433
414    414  3  18.001306  4.493732e-01  0.01  0.37  0.6402705  0.0852705563
321    321  3  21.820336  2.908459e+00  0.00  0.04  0.7042471  0.1501018826
799    799  3  66.738371  7.428157e-01  0.00  0.28  0.6706285  0.1175398115
780    780  3  10.763196  4.314063e-01  0.02  0.37  0.6855737  0.1333323104
498    498  4  17.535045  4.975186e-01  0.00  0.27  0.6415863  0.0921967869
138    138  6  44.403975  7.034095e-01  0.00  0.24  0.6324293  0.0835124646
71      71  3  21.223437  1.250203e+00  0.00  0.21  0.6299487  0.0817324441
4        4 16  61.529377  4.077062e+00  0.00  0.00  0.6947325  0.1467828155
743    743  3  10.102957  8.396866e-01  0.02  0.28  0.6726717  0.1261692274
92      92  3  25.318195  4.556938e-01  0.00  0.37  0.6586308  0.1144426627
408    408  5  27.226560  1.518396e+00  0.00  0.16  0.7168639  0.1760236153
521    521  5  24.446846  1.006770e+00  0.00  0.24  0.6394522  0.1007066229
270    270 10  44.088289  3.090109e+00  0.00  0.00  0.6858813  0.1530532479
593    593  4  17.226336  1.061756e+00  0.00  0.16  0.6942165  0.1618178401
731    731  3  36.104374  1.898155e+00  0.00  0.14  0.7085513  0.1769562660
388    388  5  33.058203  1.172378e+00  0.00  0.21  0.6607298  0.1292854259
30      30  3  29.740808  4.047457e+00  0.00  0.04  0.7806095  0.2497427644
429    429  4  48.943864  8.804902e-01  0.00  0.22  0.6167317  0.0904075205
29      29  6  40.359422  1.442746e+00  0.00  0.07  0.6707824  0.1450404878
131    131  8  42.890209  1.744949e+00  0.00  0.09  0.6688911  0.1442982926
147    147  4  23.441054  1.327487e+00  0.00  0.15  0.6757092  0.1573307462
54      54 17  93.167164  5.255188e+00  0.00  0.00  0.6664849  0.1493534443
137    137  3  27.328259  1.230423e+00  0.00  0.21  0.7166741  0.2000423817
265    265  3  38.745592  1.511806e+00  0.00  0.19  0.7270382  0.2136840277
661    661  3  12.247414  1.242341e+00  0.01  0.21  0.6730518  0.1608796242
500    500  3  15.150870  5.373036e+00  0.01  0.01  0.7184067  0.2069992047
83      83  5  23.179728  1.572172e+00  0.00  0.15  0.6745353  0.1640739686
239    239  4  27.754511  1.643422e+00  0.00  0.11  0.7184749  0.2094715990
233    233  9  36.890042  3.153602e+00  0.00  0.01  0.6830307  0.1745475700
571    571  4  16.039271  9.846580e-01  0.00  0.18  0.6441028  0.1381161287
42      42  3  38.376440  3.868690e+00  0.00  0.04  0.6725332  0.1721603822
524    524  8  36.679751  3.534165e+00  0.00  0.02  0.6824572  0.1838374207
276    276  9  42.176832  3.086343e+00  0.00  0.01  0.6740904  0.1770176321
755    755  3  14.361372  1.631768e+00  0.01  0.16  0.7276529  0.2313935869
170    170  4  20.245260  1.464801e+00  0.00  0.15  0.6425155  0.1483973040
604    604  5  19.149955  2.103439e+00  0.00  0.10  0.6672224  0.1766935085
6        6 28 118.370542  8.281469e+00  0.00  0.00  0.6626025  0.1750659290
484    484  7  46.202102  2.307253e+00  0.00  0.07  0.6479966  0.1662121784
419    419  3  13.876186  8.120721e-01  0.01  0.28  0.6615935  0.1802711357
9        9  6  28.826950  3.077137e+00  0.00  0.02  0.6846762  0.2050086279
543    543  3  12.104342  8.647115e-01  0.01  0.28  0.6580792  0.1803958783
501    501  3  21.887419  8.379859e-01  0.00  0.28  0.6770134  0.2003380594
305    305  8  38.960005  3.131780e+00  0.00  0.03  0.6746779  0.1983491805
234    234 10  65.557913  5.145487e+00  0.00  0.00  0.7162007  0.2438975013
125    125 11  54.413495  4.925362e+00  0.00  0.00  0.6578373  0.1864679876
428    428  6  35.238535  2.269751e+00  0.00  0.03  0.6561252  0.1855348324
751    751  3  26.929661  3.179138e+00  0.00  0.04  0.7255248  0.2570815211
12      12  6  30.739797  2.119084e+00  0.00  0.04  0.7072168  0.2397846330
529    529  3  23.660345  1.714529e+00  0.00  0.16  0.7221696  0.2554264503
557    557  3   7.798070  3.964987e+00  0.02  0.04  0.6432045  0.1778528397
117    117 20  83.240194  6.374832e+00  0.00  0.00  0.6429913  0.1778639962
531    531  3  26.157997  3.313108e+00  0.00  0.04  0.6910317  0.2275845031
114    114 14  75.005369  6.224246e+00  0.00  0.00  0.6739633  0.2115468745
694    694  3  13.342806  1.028737e+00  0.01  0.23  0.6462576  0.1857762977
51      51  3  20.523702  2.393282e+00  0.00  0.07  0.6391431  0.1787623625
656    656  3  18.578039  1.910544e+00  0.01  0.14  0.7666513  0.3065073860
582    582  3  10.614982  9.721759e-01  0.02  0.24  0.6697599  0.2101057115
610    610  5  16.807967  3.025535e+00  0.00  0.05  0.6697541  0.2118307980
462    462  3  22.572891  4.165004e+00  0.00  0.03  0.7292902  0.2718058942
366    366  4  48.192036  1.386750e+00  0.00  0.15  0.7144184  0.2576346300
343    343  3  11.359983  1.068992e+00  0.02  0.22  0.6885734  0.2323162528
203    203  6  31.106912  2.873817e+00  0.00  0.02  0.6611548  0.2053636438
567    567  4  18.373791  9.909394e-01  0.00  0.18  0.6528966  0.1977029457
75      75  4  19.540485  1.593659e+00  0.00  0.13  0.6630218  0.2101260997
430    430  5  32.697973  2.587083e+00  0.00  0.05  0.7061243  0.2537457891
229    229  4  23.557360  1.643094e+00  0.00  0.11  0.6764088  0.2251218076
88      88  4  22.787703  1.743677e+00  0.00  0.08  0.6754887  0.2249749315
620    620  3  21.763866  1.068338e+00  0.00  0.22  0.6864189  0.2359599208
259    259  6  28.249264  2.677822e+00  0.00  0.02  0.6641911  0.2153778098
126    126  3  22.516342  1.260901e+00  0.00  0.21  0.7353458  0.2902528147
514    514  3  22.478706  1.601100e+00  0.00  0.16  0.7594608  0.3185991354
580    580  6  32.906229  2.988299e+00  0.00  0.02  0.6946882  0.2547761388
714    714  4  21.951815  2.176386e+00  0.00  0.03  0.7233021  0.2834350155
293    293  3  17.671225  1.272441e+00  0.01  0.21  0.6325932  0.1930761722
128    128 12  53.946591  5.540499e+00  0.00  0.00  0.7349592  0.2964664174
306    306 10  47.487595  4.559755e+00  0.00  0.00  0.6781245  0.2433065473
719    719  7  34.055907  4.183210e+00  0.00  0.01  0.6733542  0.2415322489
16      16  5  51.589327  2.783812e+00  0.00  0.05  0.6926332  0.2621423979
342    342  3  34.328421  1.643068e+00  0.00  0.16  0.7216144  0.2920667066
182    182  3  53.141010  1.859465e+00  0.00  0.15  0.6580613  0.2305926286
255    255  4  18.744120  3.260142e+00  0.00  0.02  0.6754880  0.2518599049
499    499  4  21.973931  2.007058e+00  0.00  0.04  0.7123020  0.2899400548
49      49  7  24.896136  2.637705e+00  0.00  0.05  0.6540148  0.2365225460
360    360  3  23.268752  1.249135e+00  0.00  0.21  0.7234824  0.3065884846
18      18  9  42.370076  4.872312e+00  0.00  0.00  0.6625705  0.2503694870
551    551  3  13.456649  1.472128e+00  0.01  0.20  0.6793817  0.2671912908
434    434  3  47.255760  2.160288e+00  0.00  0.09  0.6506903  0.2396634212
686    686  3  20.373784  1.079798e+00  0.00  0.22  0.6325719  0.2297309530
536    536  4  17.073747  3.672047e+00  0.00  0.02  0.7431722  0.3417563811
133    133  4  13.252304  3.721819e+00  0.00  0.02  0.6545407  0.2545941518
523    523  3  10.903853  1.665378e+00  0.02  0.16  0.6606698  0.2631901829
370    370 15  63.352013  8.645207e+00  0.00  0.00  0.6554425  0.2588872320
325    325  5  30.369255  4.153346e+00  0.00  0.01  0.6896872  0.2947634651
862    862  4  28.445472  2.576303e+00  0.00  0.03  0.6891814  0.2967639877
46      46 10  47.054722  5.457478e+00  0.00  0.00  0.6642915  0.2729378612
179    179  3  22.937011  2.132911e+00  0.00  0.09  0.7421611  0.3526566481
278    278  3  14.757079  1.743064e+00  0.01  0.16  0.6615104  0.2756425017
134    134  4  40.303896  2.982400e+00  0.00  0.02  0.6864503  0.3028805039
66      66  6  33.292665  4.522789e+00  0.00  0.01  0.7046596  0.3234917847
504    504  3  16.286153  2.575764e+00  0.01  0.06  0.7099688  0.3291039321
242    242  4  19.370592  2.007767e+00  0.00  0.04  0.6533820  0.2763722104
332    332  5  39.267527  4.414516e+00  0.00  0.01  0.7163062  0.3407870669
411    411  3  10.649250  1.958698e+00  0.02  0.13  0.7665535  0.3942681726
572    572  6  32.284344  2.488659e+00  0.00  0.02  0.6614475  0.2939528575
158    158  4  24.354098  2.560067e+00  0.00  0.03  0.6584363  0.2916052087
304    304  3  11.982242  2.231642e+00  0.01  0.07  0.6489294  0.2881543560
231    231  5  24.202187  2.919954e+00  0.00  0.05  0.7004277  0.3436554509
637    637  3  19.303828  2.716897e+00  0.01  0.06  0.6383626  0.2824663031
99      99 63 286.655415  4.196403e+01  0.00  0.00  0.6606489  0.3096068709
106    106  6  30.389600  5.509113e+00  0.00  0.00  0.6478926  0.2973538744
425    425  3  41.671528  3.726841e+00  0.00  0.04  0.7555249  0.4075765100
385    385  3  19.907732  9.199817e+00  0.01  0.00  0.6810989  0.3331649865
262    262  3  34.488696  2.062192e+00  0.00  0.10  0.7010302  0.3538651697
611    611  5  24.101109  3.771824e+00  0.00  0.04  0.6930904  0.3474568566
754    754  7  49.235931  4.064879e+00  0.00  0.01  0.7024630  0.3625785051
86      86  5  31.290891  5.250346e+00  0.00  0.00  0.6837675  0.3479332288
649    649  3  15.534121  1.875679e+00  0.01  0.14  0.6416204  0.3110155846
381    381  3  23.644401  9.800816e+00  0.00  0.00  0.6433336  0.3246366513
100    100  3  15.698227  3.250081e+00  0.01  0.04  0.6780006  0.3633237203
50      50  7  34.382462  5.122417e+00  0.00  0.00  0.6632997  0.3489754590
17      17 22  96.864043  1.761752e+01  0.00  0.00  0.6466739  0.3338929099
841    841  4  11.831194  2.173115e+00  0.00  0.04  0.7912710  0.4821745550
405    405  5  20.060021  2.529137e+00  0.00  0.07  0.6898498  0.3833492357
1020  1020  3  70.991773  6.370693e+00  0.00  0.00  0.8343337  0.5331040284
58      58  5  34.783755  3.990302e+00  0.00  0.03  0.6888932  0.3891304012
292    292  5  44.159104  4.037087e+00  0.00  0.02  0.6914238  0.3947164419
705    705  3 480.232298  3.770339e+00  0.00  0.04  0.6090197  0.3124143596
277    277 12  53.250276  1.110116e+01  0.00  0.00  0.6854769  0.3919038825
586    586  3  19.429124  2.232474e+00  0.01  0.07  0.6964589  0.4031478298
644    644  3  23.654835  4.514418e+00  0.00  0.01  0.6719220  0.3802335119
916    916  3  22.626067  1.312730e+00  0.00  0.21  0.6278588  0.3392984684
55      55  9  46.844314  7.381767e+00  0.00  0.00  0.6487591  0.3656516545
110    110  9  39.705812  8.725754e+00  0.00  0.00  0.6419286  0.3588895152
356    356  5  30.619276  4.876802e+00  0.00  0.01  0.6997805  0.4191177839
217    217  4  21.933758  2.852805e+00  0.00  0.03  0.6829288  0.4086869268
451    451  4  21.842811  3.745681e+00  0.00  0.02  0.7020010  0.4304488608
241    241  5  29.214895  8.952122e+00  0.00  0.00  0.7017988  0.4346698313
295    295  3  15.535494  1.406095e+01  0.01  0.00  0.6464036  0.3805110721
721    721  3  16.653067  2.326754e+00  0.01  0.07  0.6603535  0.3953730355
95      95  3  22.104098  3.123304e+00  0.00  0.04  0.6961839  0.4322191584
97      97  3  11.249138  3.275315e+00  0.02  0.04  0.6911539  0.4367415890
129    129  3  21.332768  2.760624e+00  0.00  0.06  0.6999592  0.4463300699
367    367  6  28.750059  7.323238e+00  0.00  0.00  0.6597186  0.4166170077
410    410  3   8.981975  1.856996e+00  0.02  0.15  0.6613413  0.4188297665
116    116  4  17.111025  6.942845e+00  0.00  0.00  0.6853066  0.4525202768
257    257  3  17.727084  4.452270e+00  0.01  0.02  0.6723435  0.4545360616
700    700  3  77.214025  2.847362e+00  0.00  0.05  0.7152686  0.5096317242
228    228  5  17.864869  4.122140e+00  0.00  0.01  0.6650547  0.4619513637
102    102  7  43.174458  1.090833e+01  0.00  0.00  0.6824714  0.4817308090
974    974  3  11.058436  3.014251e+00  0.02  0.04  0.6809315  0.4805622932
153    153  7  31.719752  1.043085e+01  0.00  0.00  0.6643383  0.5217219273
420    420  6  30.895429  5.771528e+00  0.00  0.00  0.6587436  0.5237457283
215    215  4  19.069452  1.030020e+01  0.00  0.00  0.7213959  0.5896770973
641    641  4  14.359874  2.331855e+01  0.00  0.00  0.6864559  0.5639208104
377    377  3  35.799706  4.034713e+00  0.00  0.04  0.7219889  0.5999941873
590    590  6  37.245021  1.105012e+01  0.00  0.00  0.6796748  0.5620612691
507    507  3  14.798684  5.394658e+00  0.01  0.01  0.6785920  0.5878690930
266    266  6  30.084467  1.386554e+01  0.00  0.00  0.6755738  0.5919454830
855    855  3  22.195592  9.874383e+00  0.00  0.00  0.6868180  0.6113180728
98      98  3  10.080732  5.664874e+00  0.02  0.01  0.6974096  0.6302007747
1        1 61 271.779033  1.414135e+02  0.00  0.00  0.8391141  0.7744402316
695    695  3  15.157700  5.698224e+00  0.01  0.01  0.7197124  0.6862253488
261    261  6  45.202744  2.129546e+01  0.00  0.00  0.7032977  0.6861105173
795    795  4  16.796293  5.956041e+00  0.00  0.01  0.6469240  0.6359757579
724    724  3  16.131363  3.285846e+01  0.01  0.00  0.7066162  0.7304527265
       mean.diff
301   1.12771633
345   1.02652174
225   0.98635015
44    0.97337367
67    0.96803922
809   0.96387648
247   0.96110709
578   0.92450883
33    0.90286169
552   0.87175170
243   0.87037725
152   0.84442856
198   0.83710641
426   0.82427679
373   0.81477107
62    0.81362210
510   0.81275738
151   0.79975032
324   0.79062943
246   0.78443475
800   0.78114433
915   0.77987730
314   0.77831593
206   0.77539561
554   0.76955115
404   0.76330595
123   0.75178959
729   0.74597176
53    0.74065995
589   0.73997992
35    0.72903173
287   0.72812259
280   0.72509346
387   0.71370511
2     0.71196757
193   0.71120501
319   0.70945313
109   0.70692978
157   0.70653373
73    0.70131927
813   0.69906654
302   0.69893326
3     0.69867304
21    0.69433177
264   0.69128024
181   0.69091338
173   0.68860328
472   0.68454108
202   0.67141349
112   0.66611784
477   0.66352494
452   0.66327548
79    0.66103684
168   0.65878150
380   0.65488028
454   0.65372131
394   0.65343044
186   0.65262193
161   0.65136879
409   0.64328247
61    0.64163216
64    0.64013126
298   0.63714283
648   0.63640252
288   0.63311287
461   0.63281912
668   0.63233500
320   0.63045653
768   0.62957898
10    0.62557870
401   0.62240237
307   0.61936746
633   0.61931557
141   0.61853221
221   0.61604548
224   0.61519275
252   0.61507722
96    0.61223728
774   0.61207512
78    0.60640617
720   0.60621487
438   0.60477402
211   0.60460951
533   0.60404032
372   0.60351564
355   0.60102452
199   0.60001313
772   0.59768538
445   0.59760765
475   0.59757999
382   0.59427172
333   0.59400285
121   0.59378968
115   0.59211199
374   0.58767547
659   0.58730376
574   0.58651815
219   0.58130546
379   0.57925214
218   0.57651597
383   0.57570095
273   0.57237423
495   0.57178158
326   0.56872361
70    0.56845166
615   0.56784009
339   0.56472652
162   0.55968760
31    0.55957814
103   0.55679067
723   0.55643967
414   0.55499994
321   0.55414523
799   0.55308874
780   0.55224136
498   0.54938953
138   0.54891683
71    0.54821621
4     0.54794973
743   0.54650244
92    0.54418816
408   0.54084031
521   0.53874559
270   0.53282802
593   0.53239864
731   0.53159502
388   0.53144437
30    0.53086674
429   0.52632417
29    0.52574196
131   0.52459277
147   0.51837846
54    0.51713145
137   0.51663171
265   0.51335416
661   0.51217219
500   0.51140753
83    0.51046137
239   0.50900335
233   0.50848313
571   0.50598663
42    0.50037280
524   0.49861980
276   0.49707277
755   0.49625929
170   0.49411817
604   0.49052894
6     0.48753658
484   0.48178445
419   0.48132232
9     0.47966758
543   0.47768333
501   0.47667536
305   0.47632875
234   0.47230319
125   0.47136928
428   0.47059038
751   0.46844331
12    0.46743222
529   0.46674313
557   0.46535165
117   0.46512730
531   0.46344716
114   0.46241643
694   0.46048127
51    0.46038071
656   0.46014388
582   0.45965419
610   0.45792334
462   0.45748428
366   0.45678374
343   0.45625714
203   0.45579113
567   0.45519370
75    0.45289567
430   0.45237847
229   0.45128701
88    0.45051377
620   0.45045901
259   0.44881326
126   0.44509301
514   0.44086169
580   0.43991201
714   0.43986709
293   0.43951707
128   0.43849276
306   0.43481800
719   0.43182191
16    0.43049075
342   0.42954765
182   0.42746863
255   0.42362814
499   0.42236196
49    0.41749230
360   0.41689388
18    0.41220098
551   0.41219042
434   0.41102689
686   0.40284095
536   0.40141586
133   0.39994653
523   0.39747960
370   0.39655524
325   0.39492369
862   0.39241744
46    0.39135368
179   0.38950445
278   0.38586793
134   0.38356984
66    0.38116784
504   0.38086490
242   0.37700980
332   0.37551912
411   0.37228534
572   0.36749465
158   0.36683113
304   0.36077507
231   0.35677229
637   0.35589632
99    0.35104206
106   0.35053875
425   0.34794836
385   0.34793390
262   0.34716499
611   0.34563351
754   0.33988446
86    0.33583429
649   0.33060478
381   0.31869696
100   0.31467692
50    0.31432424
17    0.31278096
841   0.30909641
405   0.30650057
1020  0.30122967
58    0.29976275
292   0.29670732
705   0.29660531
277   0.29357300
586   0.29331103
644   0.29168850
916   0.28856036
55    0.28310747
110   0.28303906
356   0.28066270
217   0.27424190
451   0.27155215
241   0.26712898
295   0.26589257
721   0.26498049
95    0.26396478
97    0.25441230
129   0.25362918
367   0.24310155
410   0.24251155
116   0.23278634
257   0.21780740
700   0.20563690
228   0.20310336
102   0.20074054
974   0.20036920
153   0.14261637
420   0.13499792
215   0.13171882
641   0.12253511
377   0.12199472
590   0.11761349
507   0.09072290
266   0.08362834
855   0.07549997
98    0.06720885
1     0.06467384
695   0.03348708
261   0.01718721
795   0.01094821
724  -0.02383655
